1	2784	1
1	3019	2
1	6647	1
2	6647	1
634	3137	1
701	2712	1
701	3019	2
701	6647	2
754	3019	2
871	3019	1
937	3019	1
938	3019	1
1061	3019	1
1503	3019	1
2087	3019	1
2313	3019	1
2709	3019	1
2713	3016	1
2713	3019	131
2713	3020	4
2713	3021	1
2713	3023	1
2713	3024	5
2713	3025	2
2713	3026	1
2713	3027	4
2713	3028	3
2713	3031	1
2713	3037	1
2713	3081	4
2713	3083	1
2713	3088	1
2713	3096	3
2713	3097	1
2713	3104	1
2713	3108	1
2735	3019	1
2737	3091	1
2739	3142	1
2739	3143	3
2740	3142	7
2740	3143	152
2740	3144	1
2741	3142	1
2741	3143	6
2744	3142	2
2748	3021	1
2749	3019	1
2777	3308	2
2784	3029	1
2784	3158	1
2785	3019	11
2785	3027	1
2785	3143	2
2785	3157	1
2785	3158	6
2786	3019	2
2788	3158	1
2806	3019	1
2806	3158	1
2807	3158	1
2808	3158	1
2809	3019	1
2810	3019	1
2812	3019	3
2813	3019	1
2813	3020	1
2813	3100	1
2815	3019	2
2815	3158	1
2816	3019	2
2816	3158	1
2817	3019	1
2819	3026	1
2825	3019	1
2827	3019	1
2827	3158	1
2830	3019	1
2831	3158	2
2833	3019	1
2833	3158	1
2844	3019	1
2844	3082	1
2844	3158	1
2845	3019	3
2845	3020	1
2845	3025	1
2845	3157	1
2845	3158	2
2846	3019	4
2846	3020	1
2846	3158	3
2847	3018	1
2847	3019	9
2847	3020	2
2847	3158	2
2848	3019	9
2848	3021	1
2848	3083	1
2848	3100	1
2848	3155	1
2848	3156	1
2848	3158	2
2849	3019	23
2849	3025	1
2849	3026	1
2849	3097	1
2849	3101	1
2849	3151	1
2849	3153	1
2849	3155	2
2849	3157	1
2849	3158	12
2849	3672	1
2850	3019	26
2850	3020	1
2850	3021	2
2850	3028	1
2850	3081	1
2850	3094	1
2850	3099	1
2850	3100	1
2850	3154	1
2850	3156	2
2850	3158	14
2850	3164	1
2850	3579	1
2851	3019	38
2851	3020	1
2851	3022	1
2851	3024	1
2851	3093	1
2851	3096	1
2851	3098	1
2851	3101	1
2851	3102	1
2851	3142	1
2851	3143	1
2851	3155	3
2851	3158	24
2851	3580	2
2852	3019	24
2852	3020	14
2852	3021	3
2852	3023	3
2852	3024	2
2852	3025	2
2852	3026	17
2852	3027	8
2852	3028	5
2852	3029	20
2852	3030	1
2852	3036	1
2852	3043	1
2852	3080	3
2852	3081	9
2852	3090	1
2852	3092	1
2852	3095	1
2852	3096	1
2852	3099	1
2852	3102	1
2852	3104	1
2852	3107	1
2852	3119	2
2852	3141	1
2852	3142	12
2852	3143	14
2852	3151	1
2852	3154	1
2852	3156	4
2852	3157	2
2852	3158	881
2852	3159	1
2852	3599	1
2852	3623	1
2852	3657	1
2853	642	1
2853	3016	1
2853	3018	2
2853	3019	82
2853	3020	38
2853	3021	4
2853	3022	4
2853	3023	5
2853	3024	4
2853	3025	3
2853	3026	17
2853	3027	12
2853	3028	11
2853	3029	10
2853	3030	1
2853	3040	2
2853	3071	1
2853	3081	8
2853	3087	1
2853	3090	2
2853	3091	1
2853	3092	4
2853	3093	1
2853	3096	1
2853	3097	1
2853	3101	1
2853	3104	1
2853	3131	1
2853	3135	1
2853	3141	1
2853	3142	14
2853	3143	12
2853	3149	1
2853	3150	2
2853	3151	1
2853	3156	5
2853	3157	1
2853	3158	1148
2853	3160	1
2853	3357	1
2853	3595	1
2853	3599	1
2853	3622	1
2853	3624	2
2853	3658	1
2853	3671	1
2854	3015	1
2854	3017	2
2854	3018	3
2854	3019	567
2854	3020	92
2854	3021	6
2854	3022	8
2854	3023	7
2854	3024	11
2854	3025	8
2854	3026	21
2854	3027	7
2854	3028	15
2854	3029	19
2854	3030	1
2854	3036	1
2854	3040	2
2854	3042	1
2854	3043	2
2854	3044	2
2854	3047	1
2854	3049	1
2854	3053	1
2854	3054	1
2854	3066	1
2854	3070	1
2854	3072	1
2854	3080	1
2854	3081	12
2854	3085	1
2854	3088	1
2854	3092	3
2854	3093	8
2854	3094	3
2854	3095	1
2854	3097	1
2854	3099	2
2854	3100	2
2854	3101	2
2854	3103	1
2854	3106	2
2854	3131	1
2854	3137	1
2854	3138	2
2854	3140	2
2854	3142	15
2854	3143	17
2854	3150	1
2854	3152	1
2854	3156	23
2854	3157	3
2854	3158	1187
2854	3358	1
2854	3414	1
2854	3461	2
2854	3594	6
2854	3598	1
2854	3605	2
2854	3622	4
2854	3659	1
2854	3672	3
2854	3684	1
2854	3783	1
2854	5186	1
2855	1338	1
2855	3009	1
2855	3010	2
2855	3011	1
2855	3014	1
2855	3015	3
2855	3016	1
2855	3017	5
2855	3018	24
2855	3019	3887
2855	3020	252
2855	3021	27
2855	3022	3
2855	3023	12
2855	3024	21
2855	3025	24
2855	3026	51
2855	3027	15
2855	3028	13
2855	3029	13
2855	3030	1
2855	3033	1
2855	3036	2
2855	3038	1
2855	3040	1
2855	3041	5
2855	3042	7
2855	3043	2
2855	3044	1
2855	3046	4
2855	3047	1
2855	3048	1
2855	3050	3
2855	3051	1
2855	3052	2
2855	3053	1
2855	3054	2
2855	3056	1
2855	3071	1
2855	3076	1
2855	3080	1
2855	3081	25
2855	3082	1
2855	3084	1
2855	3089	2
2855	3090	4
2855	3092	1
2855	3093	12
2855	3094	6
2855	3095	4
2855	3096	9
2855	3097	7
2855	3099	7
2855	3100	7
2855	3101	3
2855	3102	5
2855	3103	4
2855	3104	6
2855	3105	2
2855	3106	4
2855	3107	2
2855	3108	1
2855	3110	1
2855	3114	1
2855	3116	2
2855	3119	1
2855	3131	1
2855	3134	1
2855	3142	17
2855	3143	9
2855	3145	1
2855	3146	1
2855	3150	2
2855	3151	2
2855	3152	2
2855	3153	2
2855	3154	2
2855	3155	6
2855	3156	29
2855	3157	2
2855	3158	2302
2855	3159	2
2855	3161	1
2855	3176	1
2855	3365	2
2855	3372	2
2855	3383	1
2855	3462	3
2855	3573	2
2855	3577	2
2855	3579	1
2855	3594	1
2855	3595	2
2855	3605	1
2855	3606	1
2855	3611	2
2855	3619	1
2855	3623	6
2855	3626	1
2855	3657	1
2855	3658	1
2855	3660	2
2855	3670	2
2855	3672	1
2855	3673	3
2855	3677	1
2855	3678	3
2855	3683	1
2855	3708	2
2855	3713	8
2855	3727	7
2855	3766	1
2855	6459	2
2856	1090	1
2856	1319	1
2856	1331	1
2856	3006	1
2856	3009	1
2856	3013	2
2856	3014	1
2856	3015	5
2856	3016	5
2856	3017	18
2856	3019	10251
2856	3020	182
2856	3021	25
2856	3022	16
2856	3023	43
2856	3024	25
2856	3025	67
2856	3026	111
2856	3027	53
2856	3028	21
2856	3029	15
2856	3030	3
2856	3031	2
2856	3034	1
2856	3035	2
2856	3041	2
2856	3042	6
2856	3043	7
2856	3044	2
2856	3045	4
2856	3046	2
2856	3048	1
2856	3049	5
2856	3050	5
2856	3051	5
2856	3052	2
2856	3053	3
2856	3055	1
2856	3067	1
2856	3074	1
2856	3078	1
2856	3079	2
2856	3081	25
2856	3082	3
2856	3084	1
2856	3087	1
2856	3088	4
2856	3089	2
2856	3090	1
2856	3091	5
2856	3092	9
2856	3093	41
2856	3094	8
2856	3095	6
2856	3096	11
2856	3097	8
2856	3098	5
2856	3099	11
2856	3100	5
2856	3101	11
2856	3102	6
2856	3103	7
2856	3104	19
2856	3105	8
2856	3106	3
2856	3107	1
2856	3110	1
2856	3119	1
2856	3122	2
2856	3124	1
2856	3125	1
2856	3126	1
2856	3127	1
2856	3132	1
2856	3135	2
2856	3137	1
2856	3142	30
2856	3143	12
2856	3147	3
2856	3149	1
2856	3151	3
2856	3152	2
2856	3153	8
2856	3154	7
2856	3155	12
2856	3156	3
2856	3157	494
2856	3158	3452
2856	3159	5
2856	3162	2
2856	3364	2
2856	3366	1
2856	3416	1
2856	3421	7
2856	3572	4
2856	3574	3
2856	3605	1
2856	3606	2
2856	3620	4
2856	3621	3
2856	3624	8
2856	3670	1
2856	3671	2
2856	3672	2
2856	3675	3
2856	3676	4
2856	3677	5
2856	3679	3
2856	3680	2
2856	3684	1
2856	3696	1
2856	3702	1
2856	3728	1
2856	3753	1
2856	3767	1
2856	3844	1
2856	3906	3
2856	4774	1
2856	6647	1
2857	1401	1
2857	3015	8
2857	3017	10
2857	3018	10
2857	3019	1338
2857	3020	71
2857	3021	7
2857	3022	26
2857	3023	12
2857	3024	10
2857	3025	27
2857	3026	16
2857	3027	5
2857	3029	1
2857	3032	1
2857	3033	1
2857	3034	1
2857	3037	2
2857	3041	2
2857	3042	4
2857	3043	1
2857	3044	1
2857	3045	1
2857	3046	1
2857	3049	4
2857	3052	5
2857	3054	7
2857	3055	1
2857	3057	2
2857	3080	2
2857	3081	7
2857	3083	1
2857	3088	1
2857	3089	1
2857	3091	1
2857	3092	2
2857	3094	3
2857	3095	12
2857	3096	1
2857	3097	12
2857	3098	8
2857	3099	5
2857	3100	8
2857	3101	6
2857	3102	8
2857	3103	4
2857	3104	7
2857	3105	1
2857	3142	2
2857	3143	2
2857	3151	1
2857	3153	1
2857	3154	8
2857	3155	3
2857	3156	6
2857	3158	573
2857	3159	3
2857	3162	1
2857	3163	1
2857	3164	1
2857	3176	1
2857	3253	4
2857	3573	1
2857	3579	2
2857	3613	2
2857	3675	2
2857	3680	3
2857	3681	1
2857	3685	2
2857	3697	1
2857	3708	3
2857	3709	1
2857	3712	1
2857	3770	1
2857	3845	2
2857	3887	1
2858	3016	10
2858	3019	757
2858	3020	38
2858	3021	5
2858	3022	5
2858	3023	4
2858	3024	3
2858	3025	6
2858	3026	15
2858	3027	17
2858	3028	3
2858	3029	4
2858	3031	1
2858	3039	1
2858	3045	1
2858	3050	1
2858	3053	6
2858	3081	4
2858	3084	1
2858	3089	1
2858	3093	5
2858	3094	2
2858	3097	3
2858	3098	1
2858	3101	1
2858	3103	1
2858	3104	2
2858	3107	2
2858	3108	1
2858	3136	1
2858	3142	4
2858	3143	1
2858	3153	1
2858	3154	4
2858	3156	22
2858	3157	37
2858	3158	441
2858	3160	1
2858	3364	2
2858	3652	3
2858	3771	3
2859	1328	1
2859	3013	1
2859	3017	11
2859	3019	625
2859	3020	21
2859	3021	3
2859	3022	3
2859	3023	4
2859	3024	6
2859	3025	3
2859	3026	5
2859	3027	4
2859	3028	1
2859	3029	2
2859	3040	1
2859	3042	1
2859	3043	1
2859	3050	1
2859	3051	2
2859	3052	2
2859	3080	1
2859	3081	1
2859	3089	1
2859	3090	3
2859	3091	2
2859	3093	1
2859	3095	2
2859	3098	2
2859	3099	2
2859	3100	1
2859	3101	1
2859	3106	1
2859	3107	1
2859	3139	1
2859	3142	4
2859	3143	6
2859	3149	1
2859	3153	1
2859	3155	7
2859	3157	13
2859	3158	203
2859	3159	2
2859	3592	1
2859	3651	1
2859	3685	1
2859	3712	3
2860	3012	1
2860	3015	3
2860	3017	3
2860	3018	11
2860	3019	519
2860	3020	110
2860	3021	10
2860	3022	2
2860	3023	1
2860	3024	5
2860	3025	3
2860	3028	14
2860	3029	32
2860	3036	1
2860	3041	1
2860	3042	4
2860	3046	1
2860	3050	3
2860	3051	1
2860	3052	3
2860	3054	1
2860	3067	1
2860	3074	2
2860	3080	1
2860	3081	16
2860	3088	2
2860	3090	2
2860	3091	2
2860	3092	4
2860	3093	7
2860	3094	6
2860	3096	3
2860	3097	1
2860	3098	1
2860	3100	1
2860	3104	1
2860	3110	2
2860	3143	1
2860	3153	1
2860	3154	1
2860	3156	10
2860	3158	1055
2860	3159	1
2860	3668	3
2860	3688	4
2860	3747	1
2860	3769	1
2860	3793	2
2860	3889	3
2861	3012	1
2861	3014	1
2861	3016	3
2861	3017	18
2861	3018	47
2861	3019	4673
2861	3020	766
2861	3021	32
2861	3022	15
2861	3023	15
2861	3024	59
2861	3029	26
2861	3032	1
2861	3034	2
2861	3036	2
2861	3037	2
2861	3038	3
2861	3040	3
2861	3041	3
2861	3043	1
2861	3044	6
2861	3045	1
2861	3048	2
2861	3051	1
2861	3054	2
2861	3055	1
2861	3056	1
2861	3068	1
2861	3069	1
2861	3076	1
2861	3080	4
2861	3081	31
2861	3082	2
2861	3083	2
2861	3086	1
2861	3089	1
2861	3090	1
2861	3091	2
2861	3092	4
2861	3094	8
2861	3095	3
2861	3096	8
2861	3097	3
2861	3098	1
2861	3099	2
2861	3103	3
2861	3104	3
2861	3105	2
2861	3109	1
2861	3118	1
2861	3140	1
2861	3153	2
2861	3154	3
2861	3155	4
2861	3156	26
2861	3158	1757
2861	3159	2
2861	3162	1
2861	3176	1
2861	3542	5
2861	3589	1
2861	3653	1
2861	3669	4
2861	3671	8
2861	3675	6
2861	3685	4
2861	3687	2
2861	3689	1
2861	3706	4
2861	3711	3
2861	3713	9
2861	3770	3
2861	6647	2
2862	643	1
2862	645	1
2862	1299	10
2862	1315	2
2862	1344	1
2862	3008	1
2862	3009	1
2862	3010	4
2862	3011	4
2862	3012	5
2862	3013	4
2862	3014	8
2862	3015	12
2862	3016	16
2862	3017	92
2862	3018	244
2862	3019	44290
2862	3020	778
2862	3021	180
2862	3022	81
2862	3023	92
2862	3024	149
2862	3025	157
2862	3026	298
2862	3027	259
2862	3028	109
2862	3029	88
2862	3030	13
2862	3031	5
2862	3033	1
2862	3034	6
2862	3035	2
2862	3036	9
2862	3037	3
2862	3038	2
2862	3039	1
2862	3040	3
2862	3041	15
2862	3042	25
2862	3043	16
2862	3044	8
2862	3045	5
2862	3046	4
2862	3047	6
2862	3048	2
2862	3049	6
2862	3050	22
2862	3051	20
2862	3052	9
2862	3053	9
2862	3054	8
2862	3055	2
2862	3056	8
2862	3057	1
2862	3059	1
2862	3060	1
2862	3064	1
2862	3067	2
2862	3070	1
2862	3072	3
2862	3073	5
2862	3074	9
2862	3075	1
2862	3077	4
2862	3078	1
2862	3079	4
2862	3080	28
2862	3081	110
2862	3082	7
2862	3083	10
2862	3084	2
2862	3085	2
2862	3086	1
2862	3087	1
2862	3088	4
2862	3089	7
2862	3090	5
2862	3091	3
2862	3092	25
2862	3093	51
2862	3094	51
2862	3095	21
2862	3096	29
2862	3097	19
2862	3098	12
2862	3099	9
2862	3100	15
2862	3101	4
2862	3102	7
2862	3103	8
2862	3104	23
2862	3105	11
2862	3106	2
2862	3107	3
2862	3108	2
2862	3109	1
2862	3110	1
2862	3111	1
2862	3112	1
2862	3113	1
2862	3116	3
2862	3118	1
2862	3119	2
2862	3124	3
2862	3126	1
2862	3128	1
2862	3130	1
2862	3132	1
2862	3134	3
2862	3138	1
2862	3139	1
2862	3140	1
2862	3141	2
2862	3142	108
2862	3143	81
2862	3144	4
2862	3145	2
2862	3147	2
2862	3148	5
2862	3150	8
2862	3151	11
2862	3152	4
2862	3153	20
2862	3154	12
2862	3155	20
2862	3156	129
2862	3157	704
2862	3158	6600
2862	3159	5
2862	3161	3
2862	3236	1
2862	3241	1
2862	3316	2
2862	3356	2
2862	3360	2
2862	3370	5
2862	3371	1
2862	3381	1
2862	3382	1
2862	3383	1
2862	3415	5
2862	3421	7
2862	3433	5
2862	3434	1
2862	3435	2
2862	3444	2
2862	3574	1
2862	3579	2
2862	3593	1
2862	3599	2
2862	3603	5
2862	3608	6
2862	3610	1
2862	3611	1
2862	3612	1
2862	3620	9
2862	3621	3
2862	3624	5
2862	3626	1
2862	3646	5
2862	3652	3
2862	3667	5
2862	3669	8
2862	3670	9
2862	3671	4
2862	3674	10
2862	3675	1
2862	3676	6
2862	3677	7
2862	3679	3
2862	3680	8
2862	3681	4
2862	3683	3
2862	3685	11
2862	3687	7
2862	3688	4
2862	3689	3
2862	3691	7
2862	3692	6
2862	3694	3
2862	3695	1
2862	3699	5
2862	3705	2
2862	3706	1
2862	3708	11
2862	3709	2
2862	3711	3
2862	3712	4
2862	3713	67
2862	3714	1
2862	3728	7
2862	3729	5
2862	3730	4
2862	3741	3
2862	3748	1
2862	3749	8
2862	3750	6
2862	3751	6
2862	3765	5
2862	3780	4
2862	3887	2
2862	3898	1
2862	3912	2
2862	3971	1
2862	4650	2
2862	4694	2
2862	6647	1
2863	3015	1
2863	3017	1
2863	3018	6
2863	3019	477
2863	3020	85
2863	3021	4
2863	3022	2
2863	3023	1
2863	3024	7
2863	3025	4
2863	3026	6
2863	3041	1
2863	3048	1
2863	3080	1
2863	3081	1
2863	3092	2
2863	3096	1
2863	3105	3
2863	3124	2
2863	3156	2
2863	3676	2
2863	3680	1
2864	3009	1
2864	3018	8
2864	3019	198
2864	3020	5
2864	3021	5
2864	3023	1
2864	3024	2
2864	3025	1
2864	3027	3
2864	3042	1
2864	3047	1
2864	3094	1
2864	3104	1
2864	3153	1
2864	3158	34
2864	3162	1
2864	3341	1
2865	3014	1
2865	3016	1
2865	3017	1
2865	3018	4
2865	3019	196
2865	3022	1
2865	3023	1
2865	3024	1
2865	3025	1
2865	3027	2
2865	3028	1
2865	3030	2
2865	3043	1
2865	3052	1
2865	3072	1
2865	3157	2
2865	3158	7
2865	3739	3
2866	3013	2
2866	3019	253
2866	3020	2
2866	3021	4
2866	3023	2
2866	3025	1
2866	3027	1
2866	3130	1
2866	3153	10
2866	3154	3
2866	3155	4
2866	3156	1
2866	3157	1
2866	3158	33
2866	3740	2
2867	3014	1
2867	3016	32
2867	3018	1
2867	3019	215
2867	3020	3
2867	3021	1
2867	3026	2
2867	3027	2
2867	3080	2
2867	3093	1
2867	3097	1
2867	3098	1
2867	3154	7
2867	3155	1
2867	3156	3
2867	3157	2
2867	3158	20
2868	3009	1
2868	3013	5
2868	3015	2
2868	3016	6
2868	3017	26
2868	3019	121
2868	3020	6
2868	3022	1
2868	3024	1
2868	3026	4
2868	3043	1
2868	3058	1
2868	3093	1
2868	3097	1
2868	3099	1
2868	3154	2
2868	3155	9
2868	3156	1
2868	3158	18
2868	3296	25
2869	3011	1
2869	3014	8
2869	3016	4
2869	3017	9
2869	3018	31
2869	3019	99
2869	3020	5
2869	3021	1
2869	3022	1
2869	3023	3
2869	3024	1
2869	3026	1
2869	3044	2
2869	3104	1
2869	3141	3
2869	3142	1
2869	3143	2
2869	3154	1
2869	3156	9
2869	3158	27
2869	3166	15
2869	3235	1
2869	3297	28
2869	3319	18
2869	3590	8
2869	3606	8
2869	3761	4
2869	6571	2
2870	3015	11
2870	3018	1
2870	3019	14
2870	3024	1
2870	3026	3
2870	3027	1
2870	3042	1
2870	3092	1
2870	3142	2
2870	3167	10
2870	3298	34
2870	3320	30
2870	3591	6
2870	3607	12
2871	3015	1
2871	3016	12
2871	3019	1
2871	3027	2
2871	3142	1
2871	3143	1
2871	3158	5
2871	3168	18
2871	3237	1
2871	3299	36
2871	3321	22
2871	3608	6
2871	6573	3
2872	3019	1
2872	3028	1
2872	3139	1
2872	3142	1
2872	3144	6
2872	3169	8
2872	3300	30
2872	3322	26
2872	3609	5
2872	6574	3
2873	3170	11
2873	3239	1
2873	3323	25
2873	6575	3
2874	3240	1
2875	3158	1
2875	3323	1
2880	3019	2
2881	3024	1
2882	3019	2
2887	3019	1
2890	3019	1
3012	3091	1
3245	3019	2
3246	3019	12
3246	3026	3
3247	3019	2
3248	3019	2
3249	3019	1
3250	3019	5
3251	3019	2
3252	3019	2
3254	3019	37
3254	3020	11
3254	3023	4
3254	3025	1
3254	3026	2
3258	3019	1
3264	3019	1
3310	3019	4
3329	3019	1
3330	3019	2
3358	3019	1
3359	3019	2
3441	3019	1
3480	3019	1
3485	3019	1
3496	3037	1
3510	3019	1
3513	3019	1
3518	3019	2
3520	3019	1
3553	3019	1
3559	3019	1
3580	3020	1
3584	3019	1
3585	3019	1
3622	3097	1
3639	3019	2
3914	3019	1
4211	3019	1
4289	3019	1
4334	3033	1
4443	3019	1
4447	3019	1
4456	3097	1
4475	3019	2
4552	3019	1
4582	3019	4
4592	3019	1
5002	3040	1
5061	3024	1
5402	3019	1
5404	3019	2
6196	3019	1
6420	3019	1
6477	3019	2
