-178	1	0.000047
-87	170	0.007917
-86	157	0.007312
-85	144	0.006706
-84	157	0.007312
-83	157	0.007312
-82	2	0.000093
-81	3	0.000140
-80	8	0.000373
-79	8	0.000373
-78	6	0.000279
-77	46	0.002142
-76	14	0.000652
-75	12	0.000559
-74	6	0.000279
-73	6	0.000279
-72	3	0.000140
-71	3	0.000140
-70	2	0.000093
-69	4	0.000186
-67	7	0.000326
-66	8	0.000373
-65	19	0.000885
-64	16	0.000745
-63	7	0.000326
-62	22	0.001025
-61	28	0.001304
-60	10	0.000466
-59	12	0.000559
-58	20	0.000931
-57	20	0.000931
-56	12	0.000559
-55	20	0.000931
-54	18	0.000838
-53	4	0.000186
-52	4	0.000186
-50	8	0.000373
-49	2	0.000093
-48	3	0.000140
-43	1	0.000047
-40	1	0.000047
-39	7	0.000326
-38	6	0.000279
-37	13	0.000605
-36	5	0.000233
-35	4	0.000186
-34	1	0.000047
-33	2	0.000093
-32	2	0.000093
-25	4	0.000186
-23	1	0.000047
-21	3	0.000140
-20	2	0.000093
-19	1	0.000047
-18	11	0.000512
-17	14	0.000652
-16	225	0.010478
-15	2034	0.094724
-14	26	0.001211
-13	8	0.000373
-12	9	0.000419
-11	1	0.000047
-10	3	0.000140
-9	5	0.000233
-7	4	0.000186
-6	9	0.000419
-5	4	0.000186
-4	1	0.000047
-3	5	0.000233
-2	10	0.000466
-1	29	0.001351
0	3813	0.177572
1	263	0.012248
2	39	0.001816
3	33	0.001537
4	59	0.002748
5	90	0.004191
6	78	0.003632
7	110	0.005123
8	85	0.003958
9	31	0.001444
10	30	0.001397
11	5	0.000233
12	10	0.000466
13	3	0.000140
14	1	0.000047
18	4	0.000186
19	2	0.000093
20	2	0.000093
21	3	0.000140
22	11	0.000512
23	4	0.000186
24	6	0.000279
25	2	0.000093
29	1	0.000047
31	4	0.000186
32	3	0.000140
33	4	0.000186
34	2	0.000093
35	11	0.000512
36	8	0.000373
37	5	0.000233
39	7	0.000326
40	7	0.000326
41	4	0.000186
42	4	0.000186
43	425	0.019792
44	379	0.017650
45	392	0.018255
46	431	0.020072
47	439	0.020444
48	1	0.000047
50	2	0.000093
51	2	0.000093
52	6	0.000279
53	4	0.000186
54	3	0.000140
55	2	0.000093
56	3	0.000140
57	5	0.000233
58	2	0.000093
60	1	0.000047
61	1	0.000047
62	1	0.000047
63	8	0.000373
66	280	0.013040
67	315	0.014670
68	309	0.014390
69	292	0.013598
70	325	0.015135
71	11	0.000512
72	5	0.000233
73	4	0.000186
74	1	0.000047
75	2	0.000093
76	2	0.000093
80	3	0.000140
83	2	0.000093
84	10	0.000466
85	3	0.000140
86	2	0.000093
87	1	0.000047
88	8	0.000373
91	1	0.000047
96	1	0.000047
99	2	0.000093
100	3	0.000140
102	2	0.000093
103	9	0.000419
104	6	0.000279
105	6	0.000279
106	9	0.000419
107	8	0.000373
108	29	0.001351
109	18	0.000838
110	21	0.000978
111	32	0.001490
112	20	0.000931
113	17	0.000792
114	13	0.000605
115	3	0.000140
116	1	0.000047
117	6	0.000279
118	4	0.000186
119	8	0.000373
120	1	0.000047
122	4	0.000186
123	1	0.000047
124	2	0.000093
127	4	0.000186
128	2	0.000093
129	7	0.000326
130	4	0.000186
131	2	0.000093
133	5	0.000233
137	1	0.000047
138	2	0.000093
139	1	0.000047
141	3	0.000140
142	1	0.000047
144	3	0.000140
149	3	0.000140
150	3	0.000140
151	2	0.000093
152	10	0.000466
153	2	0.000093
154	7	0.000326
155	1	0.000047
156	7	0.000326
157	6	0.000279
158	6	0.000279
159	3	0.000140
160	4	0.000186
161	23	0.001071
162	19	0.000885
163	12	0.000559
164	5	0.000233
165	3	0.000140
168	17	0.000792
169	8	0.000373
170	11	0.000512
171	5	0.000233
172	16	0.000745
173	9	0.000419
175	4	0.000186
176	3	0.000140
177	1	0.000047
179	8	0.000373
180	7	0.000326
181	3	0.000140
182	3	0.000140
184	3	0.000140
185	4	0.000186
186	3	0.000140
187	1	0.000047
188	3	0.000140
189	13	0.000605
190	1	0.000047
191	2	0.000093
193	2	0.000093
195	2	0.000093
196	2	0.000093
199	5	0.000233
208	2	0.000093
209	4	0.000186
210	5	0.000233
212	6	0.000279
215	4	0.000186
217	1	0.000047
219	6	0.000279
226	1	0.000047
245	7	0.000326
246	4	0.000186
252	1	0.000047
255	3	0.000140
256	5	0.000233
261	9	0.000419
263	2	0.000093
264	2	0.000093
266	1	0.000047
267	7	0.000326
268	3	0.000140
275	1	0.000047
280	2	0.000093
284	1	0.000047
287	7	0.000326
289	5	0.000233
292	1	0.000047
293	2	0.000093
294	1	0.000047
297	1	0.000047
300	1	0.000047
309	1	0.000047
310	2	0.000093
311	1	0.000047
312	1	0.000047
314	3	0.000140
315	3	0.000140
318	3	0.000140
319	10	0.000466
320	13	0.000605
321	23	0.001071
322	17	0.000792
323	23	0.001071
324	19	0.000885
325	15	0.000699
326	23	0.001071
327	38	0.001770
328	10	0.000466
329	7	0.000326
331	17	0.000792
332	7	0.000326
333	6	0.000279
334	5	0.000233
335	11	0.000512
336	7	0.000326
337	41	0.001909
338	49	0.002282
339	8	0.000373
340	38	0.001770
341	9	0.000419
342	7	0.000326
343	32	0.001490
344	12	0.000559
345	16	0.000745
346	33	0.001537
347	20	0.000931
348	16	0.000745
349	20	0.000931
350	12	0.000559
351	11	0.000512
352	13	0.000605
353	178	0.008289
354	189	0.008802
355	161	0.007498
356	46	0.002142
357	10	0.000466
358	24	0.001118
359	6	0.000279
360	6	0.000279
361	12	0.000559
362	10	0.000466
363	12	0.000559
364	11	0.000512
365	18	0.000838
366	27	0.001257
367	32	0.001490
368	26	0.001211
369	26	0.001211
370	40	0.001863
371	47	0.002189
372	22	0.001025
373	41	0.001909
374	13	0.000605
375	7	0.000326
376	13	0.000605
377	13	0.000605
378	11	0.000512
379	1	0.000047
380	3	0.000140
381	8	0.000373
382	16	0.000745
383	4	0.000186
384	8	0.000373
385	9	0.000419
386	12	0.000559
387	2	0.000093
388	8	0.000373
389	4	0.000186
390	8	0.000373
391	8	0.000373
392	6	0.000279
393	15	0.000699
394	20	0.000931
395	13	0.000605
396	8	0.000373
397	30	0.001397
398	19	0.000885
399	17	0.000792
400	18	0.000838
401	13	0.000605
402	13	0.000605
403	18	0.000838
404	23	0.001071
405	23	0.001071
406	12	0.000559
407	11	0.000512
408	24	0.001118
409	17	0.000792
410	9	0.000419
411	7	0.000326
412	11	0.000512
413	51	0.002375
414	83	0.003865
415	99	0.004610
416	122	0.005682
417	208	0.009687
418	270	0.012574
419	131	0.006101
420	119	0.005542
421	199	0.009267
422	133	0.006194
423	149	0.006939
424	159	0.007405
425	103	0.004797
426	99	0.004610
427	124	0.005775
428	90	0.004191
429	63	0.002934
430	68	0.003167
431	77	0.003586
432	76	0.003539
433	67	0.003120
434	66	0.003074
435	113	0.005262
436	109	0.005076
437	80	0.003726
438	63	0.002934
439	54	0.002515
440	13	0.000605
441	12	0.000559
442	13	0.000605
443	9	0.000419
444	10	0.000466
445	18	0.000838
446	21	0.000978
447	24	0.001118
448	3	0.000140
449	5	0.000233
450	3	0.000140
451	32	0.001490
452	28	0.001304
453	44	0.002049
454	79	0.003679
455	324	0.015089
456	158	0.007358
457	56	0.002608
458	99	0.004610
459	165	0.007684
460	1198	0.055791
461	18	0.000838
462	23	0.001071
463	23	0.001071
464	8	0.000373
465	3	0.000140
467	3	0.000140
468	5	0.000233
472	18	0.000838
473	2	0.000093
474	42	0.001956
475	57	0.002654
476	22	0.001025
477	31	0.001444
478	7	0.000326
479	1	0.000047
480	8	0.000373
481	11	0.000512
482	7	0.000326
483	1	0.000047
486	7	0.000326
487	5	0.000233
488	9	0.000419
489	15	0.000699
490	3	0.000140
492	6	0.000279
493	2	0.000093
494	9	0.000419
495	6	0.000279
496	14	0.000652
497	21	0.000978
498	25	0.001164
499	20	0.000931
500	9	0.000419
501	4	0.000186
502	9	0.000419
503	19	0.000885
504	9	0.000419
505	1	0.000047
506	1	0.000047
507	4	0.000186
508	23	0.001071
509	8	0.000373
510	1	0.000047
511	8	0.000373
512	8	0.000373
513	12	0.000559
514	6	0.000279
515	9	0.000419
516	20	0.000931
517	24	0.001118
518	13	0.000605
519	22	0.001025
520	29	0.001351
521	5	0.000233
522	4	0.000186
523	9	0.000419
524	2	0.000093
525	15	0.000699
526	4	0.000186
527	20	0.000931
528	7	0.000326
529	11	0.000512
530	12	0.000559
531	9	0.000419
532	1	0.000047
533	1	0.000047
537	1	0.000047
538	13	0.000605
539	39	0.001816
540	4	0.000186
541	18	0.000838
542	3	0.000140
546	6	0.000279
547	1	0.000047
553	2	0.000093
566	1	0.000047
567	4	0.000186
570	1	0.000047
582	3	0.000140
586	1	0.000047
590	1	0.000047
591	2	0.000093
592	3	0.000140
593	2	0.000093
594	1	0.000047
597	1	0.000047
598	1	0.000047
599	14	0.000652
602	1	0.000047
605	7	0.000326
606	2	0.000093
608	1	0.000047
609	1	0.000047
610	4	0.000186
611	1	0.000047
612	3	0.000140
614	4	0.000186
615	10	0.000466
616	5	0.000233
617	3	0.000140
618	5	0.000233
619	3	0.000140
620	3	0.000140
621	1	0.000047
623	12	0.000559
624	2	0.000093
625	1	0.000047
626	8	0.000373
627	2	0.000093
628	4	0.000186
629	4	0.000186
630	8	0.000373
631	15	0.000699
632	2	0.000093
633	13	0.000605
634	83	0.003865
635	26	0.001211
636	12	0.000559
637	7	0.000326
638	15	0.000699
639	5	0.000233
640	12	0.000559
641	3	0.000140
642	1	0.000047
643	5	0.000233
644	1	0.000047
645	2	0.000093
646	1	0.000047
648	4	0.000186
653	5	0.000233
654	6	0.000279
657	1	0.000047
658	1	0.000047
659	2	0.000093
660	6	0.000279
661	4	0.000186
662	3	0.000140
663	3	0.000140
665	4	0.000186
666	1	0.000047
667	3	0.000140
668	1	0.000047
669	8	0.000373
670	1	0.000047
672	1	0.000047
673	2	0.000093
674	1	0.000047
680	1	0.000047
681	1	0.000047
685	2	0.000093
693	4	0.000186
694	7	0.000326
696	2	0.000093
697	3	0.000140
701	1	0.000047
705	4	0.000186
706	2	0.000093
707	2	0.000093
708	2	0.000093
709	3	0.000140
710	4	0.000186
711	1	0.000047
712	4	0.000186
713	8	0.000373
714	6	0.000279
715	4	0.000186
716	2	0.000093
718	1	0.000047
724	1	0.000047
725	1	0.000047
748	1	0.000047
752	1	0.000047
753	2	0.000093
757	1	0.000047
762	1	0.000047
785	1	0.000047
786	2	0.000093
797	2	0.000093
803	1	0.000047
805	2	0.000093
807	1	0.000047
808	1	0.000047
809	2	0.000093
811	3	0.000140
816	6	0.000279
817	1	0.000047
818	6	0.000279
820	1	0.000047
830	2	0.000093
839	1	0.000047
848	2	0.000093
850	1	0.000047
872	1	0.000047
964	6	0.000279
969	1	0.000047
975	3	0.000140
1017	1	0.000047
1026	2	0.000093
1037	1	0.000047
1042	1	0.000047
1043	3	0.000140
1044	2	0.000093
1104	1	0.000047
1156	1	0.000047
1157	1	0.000047
1171	2	0.000093
1201	11	0.000512
1288	3	0.000140
1293	1	0.000047
1328	1	0.000047
1333	1	0.000047
1397	2	0.000093
1398	2	0.000093
1407	9	0.000419
1424	2	0.000093
1434	1	0.000047
1441	2	0.000093
1443	2	0.000093
1445	1	0.000047
1452	2	0.000093
1458	1	0.000047
1468	1	0.000047
1469	1	0.000047
1489	1	0.000047
1500	1	0.000047
1502	3	0.000140
1520	5	0.000233
1521	1	0.000047
1522	5	0.000233
1533	1	0.000047
1564	5	0.000233
1585	2	0.000093
1595	1	0.000047
1606	2	0.000093
1643	1	0.000047
1645	1	0.000047
1756	1	0.000047
1757	1	0.000047
1870	4	0.000186
1876	1	0.000047
1877	1	0.000047
1879	1	0.000047
1881	1	0.000047
1884	1	0.000047
1896	1	0.000047
1910	1	0.000047
1913	1	0.000047
1928	1	0.000047
1929	1	0.000047
1931	1	0.000047
1933	1	0.000047
1934	1	0.000047
1935	1	0.000047
1938	1	0.000047
1939	1	0.000047
1953	1	0.000047
1954	1	0.000047
1956	1	0.000047
1987	1	0.000047
2091	1	0.000047
2193	1	0.000047
2203	1	0.000047
2265	1	0.000047
2292	5	0.000233
2300	1	0.000047
2302	2	0.000093
2318	2	0.000093
2388	1	0.000047
2407	2	0.000093
2441	1	0.000047
2442	1	0.000047
2588	2	0.000093
2589	2	0.000093
2597	1	0.000047
2600	2	0.000093
2602	1	0.000047
2604	2	0.000093
2619	1	0.000047
2799	1	0.000047
3031	3	0.000140
3206	2	0.000093
3318	2	0.000093
3320	3	0.000140
3321	3	0.000140
3322	3	0.000140
3325	2	0.000093
