-101	1	0.000047
-99	1	0.000047
-75	1	0.000047
-66	1	0.000047
-65	3	0.000140
-64	2	0.000093
-63	3	0.000140
-62	3	0.000140
-60	5	0.000233
-58	5	0.000233
-52	1	0.000047
-50	1	0.000047
-48	4	0.000186
-46	1	0.000047
-43	3	0.000140
-41	1	0.000047
-37	22	0.001025
-36	22	0.001025
-35	6	0.000279
-34	3	0.000140
-33	3	0.000140
-32	5	0.000233
-31	12	0.000559
-30	23	0.001071
-29	9	0.000419
-28	76	0.003539
-27	2104	0.097984
-26	47	0.002189
-25	16	0.000745
-24	8	0.000373
-23	6	0.000279
-22	5	0.000233
-21	6	0.000279
-20	15	0.000699
-19	3	0.000140
-18	4	0.000186
-17	5	0.000233
-16	4	0.000186
-15	5	0.000233
-14	7	0.000326
-13	17	0.000792
-12	24	0.001118
-11	473	0.022028
-10	938	0.043683
-9	1054	0.049085
-8	1088	0.050668
-7	1118	0.052065
-6	448	0.020863
-5	23	0.001071
-4	27	0.001257
-3	64	0.002980
-2	42	0.001956
-1	115	0.005356
0	7193	0.334979
1	555	0.025846
2	249	0.011596
3	145	0.006753
4	199	0.009267
5	586	0.027290
6	1825	0.084990
7	1029	0.047921
8	484	0.022540
9	160	0.007451
10	86	0.004005
11	25	0.001164
12	14	0.000652
13	12	0.000559
14	12	0.000559
15	5	0.000233
16	3	0.000140
17	3	0.000140
19	3	0.000140
25	1	0.000047
30	1	0.000047
32	2	0.000093
33	1	0.000047
34	2	0.000093
35	2	0.000093
36	1	0.000047
37	5	0.000233
38	1	0.000047
45	1	0.000047
48	1	0.000047
58	1	0.000047
59	1	0.000047
60	4	0.000186
64	2	0.000093
65	1	0.000047
67	1	0.000047
73	1	0.000047
78	1	0.000047
85	1	0.000047
111	1	0.000047
112	2	0.000093
113	3	0.000140
115	3	0.000140
116	3	0.000140
117	1	0.000047
122	1	0.000047
132	1	0.000047
136	1	0.000047
138	1	0.000047
139	3	0.000140
142	1	0.000047
143	2	0.000093
152	1	0.000047
169	2	0.000093
171	2	0.000093
180	2	0.000093
187	1	0.000047
188	1	0.000047
197	1	0.000047
211	1	0.000047
228	1	0.000047
232	1	0.000047
243	1	0.000047
266	1	0.000047
267	2	0.000093
292	2	0.000093
296	2	0.000093
297	2	0.000093
300	2	0.000093
301	1	0.000047
316	2	0.000093
318	1	0.000047
358	1	0.000047
361	1	0.000047
375	1	0.000047
376	1	0.000047
411	1	0.000047
414	1	0.000047
428	2	0.000093
438	1	0.000047
452	1	0.000047
486	2	0.000093
491	1	0.000047
521	5	0.000233
530	2	0.000093
531	5	0.000233
561	6	0.000279
568	1	0.000047
587	5	0.000233
602	1	0.000047
616	1	0.000047
647	2	0.000093
656	3	0.000140
665	1	0.000047
683	2	0.000093
743	2	0.000093
751	1	0.000047
755	1	0.000047
801	1	0.000047
803	1	0.000047
806	1	0.000047
823	2	0.000093
870	1	0.000047
883	2	0.000093
928	1	0.000047
938	5	0.000233
954	1	0.000047
966	1	0.000047
981	4	0.000186
986	1	0.000047
998	1	0.000047
1015	1	0.000047
1035	1	0.000047
1057	1	0.000047
1062	7	0.000326
1064	1	0.000047
1065	1	0.000047
1094	1	0.000047
1101	1	0.000047
1102	1	0.000047
1104	1	0.000047
1106	1	0.000047
1119	1	0.000047
1146	1	0.000047
1147	1	0.000047
1157	1	0.000047
1158	1	0.000047
1164	2	0.000093
1169	2	0.000093
1172	2	0.000093
1187	1	0.000047
1200	1	0.000047
1211	1	0.000047
1214	2	0.000093
1242	1	0.000047
1243	1	0.000047
1244	20	0.000931
1245	4	0.000186
1246	3	0.000140
1250	2	0.000093
1251	3	0.000140
1252	1	0.000047
1253	1	0.000047
1254	1	0.000047
1256	2	0.000093
1257	1	0.000047
1259	1	0.000047
1260	1	0.000047
1263	1	0.000047
1266	1	0.000047
1269	1	0.000047
1270	1	0.000047
1271	1	0.000047
1274	1	0.000047
1279	1	0.000047
1282	1	0.000047
1283	2	0.000093
1284	1	0.000047
1285	3	0.000140
1288	3	0.000140
1294	1	0.000047
1295	1	0.000047
1296	1	0.000047
1297	2	0.000093
1306	1	0.000047
1312	1	0.000047
1318	1	0.000047
1321	1	0.000047
1323	1	0.000047
1325	1	0.000047
1327	2	0.000093
1329	1	0.000047
1331	2	0.000093
1335	1	0.000047
1336	1	0.000047
1371	1	0.000047
1374	1	0.000047
1379	1	0.000047
1382	1	0.000047
1387	3	0.000140
1411	1	0.000047
1412	1	0.000047
1414	1	0.000047
1416	3	0.000140
1421	1	0.000047
1429	1	0.000047
1431	2	0.000093
1439	1	0.000047
1440	2	0.000093
1441	1	0.000047
1442	1	0.000047
1447	1	0.000047
1458	1	0.000047
1478	2	0.000093
1481	3	0.000140
1483	1	0.000047
1497	4	0.000186
1505	1	0.000047
1517	2	0.000093
1518	2	0.000093
1535	1	0.000047
1545	1	0.000047
1557	1	0.000047
1558	2	0.000093
1562	2	0.000093
1563	7	0.000326
1564	3	0.000140
1565	2	0.000093
1569	5	0.000233
1587	2	0.000093
1592	1	0.000047
1597	1	0.000047
1598	1	0.000047
1623	1	0.000047
1627	1	0.000047
1630	3	0.000140
1646	1	0.000047
1656	1	0.000047
1708	2	0.000093
1711	1	0.000047
1746	6	0.000279
1747	3	0.000140
1750	2	0.000093
1802	1	0.000047
1838	1	0.000047
1839	1	0.000047
1841	1	0.000047
1859	1	0.000047
1880	3	0.000140
1887	1	0.000047
1909	1	0.000047
1941	2	0.000093
1944	1	0.000047
1948	1	0.000047
1949	1	0.000047
1950	4	0.000186
1951	1	0.000047
1952	1	0.000047
1953	1	0.000047
1960	1	0.000047
1961	2	0.000093
1994	1	0.000047
2016	1	0.000047
2017	2	0.000093
2018	2	0.000093
2019	2	0.000093
2025	1	0.000047
2030	3	0.000140
2037	2	0.000093
2040	1	0.000047
2048	1	0.000047
2052	1	0.000047
2054	1	0.000047
2055	5	0.000233
2056	1	0.000047
2066	4	0.000186
2068	1	0.000047
2069	2	0.000093
2070	1	0.000047
2071	2	0.000093
2072	1	0.000047
2073	1	0.000047
2074	1	0.000047
2076	1	0.000047
2080	4	0.000186
2081	1	0.000047
2087	1	0.000047
2093	6	0.000279
2094	3	0.000140
2095	6	0.000279
2096	4	0.000186
2097	4	0.000186
2099	6	0.000279
2100	2	0.000093
2101	8	0.000373
2103	2	0.000093
2104	2	0.000093
2105	7	0.000326
2106	4	0.000186
2107	5	0.000233
2109	1	0.000047
2119	1	0.000047
2122	1	0.000047
2125	1	0.000047
2127	1	0.000047
2161	1	0.000047
2167	1	0.000047
2168	1	0.000047
2170	1	0.000047
2171	2	0.000093
2172	6	0.000279
2173	9	0.000419
2175	1	0.000047
2192	1	0.000047
2194	1	0.000047
2195	1	0.000047
2196	1	0.000047
2201	1	0.000047
2205	1	0.000047
2213	1	0.000047
2215	1	0.000047
2221	1	0.000047
2231	1	0.000047
2235	2	0.000093
2246	1	0.000047
2257	1	0.000047
2260	1	0.000047
2269	3	0.000140
2275	3	0.000140
2282	3	0.000140
2284	1	0.000047
2291	3	0.000140
2293	1	0.000047
2294	1	0.000047
2298	5	0.000233
2299	1	0.000047
2303	1	0.000047
2312	3	0.000140
2314	1	0.000047
2343	1	0.000047
2348	1	0.000047
2359	1	0.000047
2363	1	0.000047
2364	2	0.000093
2369	1	0.000047
2374	1	0.000047
2411	2	0.000093
2437	1	0.000047
2448	1	0.000047
2463	1	0.000047
2479	1	0.000047
2486	4	0.000186
2487	1	0.000047
2499	3	0.000140
2501	1	0.000047
2513	1	0.000047
2516	3	0.000140
2529	3	0.000140
2537	1	0.000047
2543	5	0.000233
2592	2	0.000093
2615	1	0.000047
2680	1	0.000047
2698	1	0.000047
2715	1	0.000047
2726	4	0.000186
2727	2	0.000093
2728	7	0.000326
2729	2	0.000093
2730	2	0.000093
2731	1	0.000047
2732	1	0.000047
2733	3	0.000140
2734	2	0.000093
2735	1	0.000047
2739	1	0.000047
2742	1	0.000047
2743	1	0.000047
2747	1	0.000047
2748	5	0.000233
2750	1	0.000047
2775	1	0.000047
2828	1	0.000047
2887	1	0.000047
2901	1	0.000047
2904	1	0.000047
2905	1	0.000047
2926	1	0.000047
2933	1	0.000047
2970	3	0.000140
2976	3	0.000140
3000	1	0.000047
3002	1	0.000047
3009	3	0.000140
3013	3	0.000140
3016	1	0.000047
3020	1	0.000047
3021	2	0.000093
3023	1	0.000047
3025	1	0.000047
3026	1	0.000047
3029	4	0.000186
3031	1	0.000047
3035	1	0.000047
3038	3	0.000140
3045	3	0.000140
3049	1	0.000047
3057	1	0.000047
3059	1	0.000047
3060	1	0.000047
3063	7	0.000326
3064	4	0.000186
3065	7	0.000326
3066	1	0.000047
3068	8	0.000373
3069	15	0.000699
3070	2	0.000093
3071	3	0.000140
3083	1	0.000047
3087	2	0.000093
3089	3	0.000140
3090	1	0.000047
3092	1	0.000047
3094	1	0.000047
3095	1	0.000047
3102	1	0.000047
3108	1	0.000047
3109	3	0.000140
3111	1	0.000047
3125	2	0.000093
3126	2	0.000093
3127	1	0.000047
3128	2	0.000093
3129	6	0.000279
3130	4	0.000186
3131	2	0.000093
3132	3	0.000140
3133	1	0.000047
3134	1	0.000047
3135	7	0.000326
3136	7	0.000326
3137	15	0.000699
3138	10	0.000466
3140	5	0.000233
3141	1	0.000047
3142	1	0.000047
3146	1	0.000047
3149	8	0.000373
3150	2	0.000093
3152	2	0.000093
3159	1	0.000047
3160	1	0.000047
3162	3	0.000140
3163	1	0.000047
3164	2	0.000093
3165	1	0.000047
3166	1	0.000047
3168	3	0.000140
3170	3	0.000140
3172	1	0.000047
3193	1	0.000047
3205	1	0.000047
3206	4	0.000186
3207	7	0.000326
3209	3	0.000140
3214	1	0.000047
3215	2	0.000093
3217	1	0.000047
3218	3	0.000140
3222	1	0.000047
3223	5	0.000233
3230	2	0.000093
3231	4	0.000186
3232	6	0.000279
3233	1	0.000047
3270	2	0.000093
3280	1	0.000047
3281	3	0.000140
3285	1	0.000047
3286	2	0.000093
3289	27	0.001257
3290	13	0.000605
3291	1	0.000047
3296	1	0.000047
3318	2	0.000093
3319	13	0.000605
3320	3	0.000140
3333	4	0.000186
3334	2	0.000093
3336	1	0.000047
3337	5	0.000233
3338	9	0.000419
3339	21	0.000978
3340	9	0.000419
3341	4	0.000186
