1	2712	2
1	6661	1
637	6647	1
701	2712	1
701	6647	7
728	6650	2
1169	6647	1
1200	6649	1
1623	6647	1
2327	6647	4
2529	6647	2
2644	6647	1
2676	6642	1
2708	6647	1
2709	6647	1
2710	6647	1
2711	6647	1
2713	6640	1
2713	6644	1
2713	6645	1
2713	6646	40
2713	6647	866
2713	6648	17
2713	6649	4
2713	6650	5
2713	6651	2
2713	6652	2
2713	6653	2
2713	6654	2
2713	6655	9
2713	6656	21
2713	6657	22
2713	6658	27
2713	6659	209
2713	6660	161
2713	6661	152
2713	6662	24
2713	6663	14
2713	6664	12
2714	6647	3
2714	6661	1
2715	6647	1
2716	6647	2
2716	6655	2
2716	6659	1
2718	6647	2
2729	6647	1
2730	6647	1
2731	6647	1
2732	6647	1
2733	6647	1
2734	6647	1
2738	6647	1
2738	6664	1
2739	6647	3
2740	6643	1
2740	6647	4
2740	6651	2
2740	6663	1
2740	6664	1
2741	6646	2
2741	6647	7
2741	6648	2
2741	6649	1
2741	6650	4
2741	6651	1
2741	6653	1
2741	6658	1
2741	6660	2
2744	6647	1
2745	6647	5
2746	6647	2
2748	6647	1
2748	6656	1
2749	6647	3
2749	6648	1
2749	6660	1
2749	6661	1
2750	6647	7
2750	6660	1
2750	6661	2
2750	6662	1
2770	6658	1
2780	6647	1
2781	6660	1
2784	6647	2
2785	638	1
2785	6646	22
2785	6647	271
2785	6648	2
2785	6649	2
2785	6650	2
2785	6653	1
2785	6657	1
2785	6659	1
2785	6660	1
2786	6647	2
2787	6647	4
2788	6646	1
2791	6647	4
2791	6657	1
2792	6647	1
2795	6647	2
2796	6647	1
2797	6647	1
2798	6647	1
2800	6647	1
2802	6647	1
2803	6647	1
2804	6647	4
2804	6658	1
2805	6647	2
2806	6647	1
2807	6647	7
2807	6648	1
2808	6647	5
2809	6647	7
2810	6647	3
2811	6647	4
2812	6647	8
2813	6647	9
2814	6647	17
2815	6645	1
2815	6647	15
2815	6648	1
2815	6658	1
2816	6647	16
2817	6647	13
2818	6647	6
2819	6647	13
2820	6647	13
2820	6649	1
2821	6647	6
2822	6647	3
2823	6647	5
2823	6659	1
2824	6647	6
2824	6660	1
2825	6647	19
2825	6659	1
2826	6647	8
2827	6647	6
2828	6647	1
2828	6650	1
2829	6647	2
2830	6647	5
2830	6659	1
2831	6647	15
2832	6647	5
2833	6647	3
2834	6647	1
2835	6647	1
2836	6647	1
2837	6647	1
2840	6647	1
2842	6647	1
2844	6645	1
2844	6647	4
2845	6647	15
2846	6646	1
2846	6647	40
2846	6649	1
2846	6660	1
2847	6641	5
2847	6644	2
2847	6647	77
2847	6654	1
2847	6655	1
2847	6660	1
2847	6661	2
2848	6642	2
2848	6647	188
2848	6648	2
2848	6649	2
2848	6650	1
2848	6653	4
2848	6654	1
2848	6656	1
2848	6658	2
2849	6643	2
2849	6647	442
2849	6648	1
2849	6649	2
2849	6652	1
2849	6653	3
2849	6654	4
2849	6655	3
2849	6656	3
2849	6657	2
2849	6658	1
2849	6659	1
2849	6660	5
2850	6643	2
2850	6644	2
2850	6646	1
2850	6647	354
2850	6648	3
2850	6650	2
2850	6653	2
2850	6654	2
2850	6655	2
2850	6656	1
2850	6657	4
2850	6658	1
2850	6660	4
2850	6661	1
2850	6662	1
2851	641	1
2851	6645	1
2851	6647	324
2851	6648	1
2851	6651	1
2851	6652	1
2851	6653	1
2851	6654	3
2851	6655	2
2851	6656	4
2851	6658	3
2851	6659	3
2852	637	2
2852	638	1
2852	640	2
2852	641	2
2852	642	1
2852	645	1
2852	6641	6
2852	6642	4
2852	6643	3
2852	6644	1
2852	6645	1
2852	6646	14
2852	6647	1286
2852	6648	36
2852	6649	5
2852	6650	9
2852	6651	2
2852	6652	5
2852	6653	6
2852	6655	3
2852	6656	3
2852	6658	4
2852	6659	5
2852	6660	5
2852	6661	5
2852	6662	3
2852	6663	1
2852	6664	6
2853	636	1
2853	637	1
2853	639	4
2853	640	2
2853	641	1
2853	642	1
2853	643	2
2853	644	1
2853	645	3
2853	646	1
2853	3106	1
2853	6637	1
2853	6641	9
2853	6642	4
2853	6643	1
2853	6644	3
2853	6645	3
2853	6646	42
2853	6647	1649
2853	6648	77
2853	6649	22
2853	6650	43
2853	6652	1
2853	6653	3
2853	6654	8
2853	6655	8
2853	6656	12
2853	6657	5
2853	6658	4
2853	6659	12
2853	6660	24
2853	6661	6
2853	6662	6
2853	6663	3
2853	6664	3
2853	6665	1
2853	6692	1
2854	636	2
2854	638	2
2854	639	2
2854	641	2
2854	642	1
2854	643	2
2854	644	2
2854	645	4
2854	3356	1
2854	6641	8
2854	6642	3
2854	6643	3
2854	6644	3
2854	6645	6
2854	6646	62
2854	6647	2609
2854	6648	70
2854	6649	20
2854	6650	57
2854	6651	10
2854	6652	22
2854	6654	8
2854	6655	6
2854	6656	15
2854	6657	9
2854	6658	6
2854	6659	14
2854	6660	22
2854	6661	13
2854	6662	2
2854	6663	2
2855	636	4
2855	637	2
2855	638	2
2855	640	2
2855	641	1
2855	643	1
2855	644	1
2855	645	1
2855	646	1
2855	899	1
2855	3019	4
2855	6635	2
2855	6636	1
2855	6638	1
2855	6639	4
2855	6640	2
2855	6641	13
2855	6642	9
2855	6643	4
2855	6644	9
2855	6645	20
2855	6646	316
2855	6647	10992
2855	6648	143
2855	6649	46
2855	6650	19
2855	6651	9
2855	6652	24
2855	6653	15
2855	6654	23
2855	6655	8
2855	6656	29
2855	6657	18
2855	6658	13
2855	6659	57
2855	6660	70
2855	6661	44
2855	6662	4
2855	6663	3
2855	6664	3
2856	636	1
2856	640	2
2856	641	3
2856	642	5
2856	644	2
2856	3019	6
2856	5555	1
2856	6633	1
2856	6635	2
2856	6636	1
2856	6637	2
2856	6638	2
2856	6639	2
2856	6641	14
2856	6642	16
2856	6643	8
2856	6644	13
2856	6645	41
2856	6646	14
2856	6647	28043
2856	6648	137
2856	6649	28
2856	6650	40
2856	6651	26
2856	6652	27
2856	6653	16
2856	6654	15
2856	6655	12
2856	6656	54
2856	6657	13
2856	6658	24
2856	6659	51
2856	6660	99
2856	6661	41
2856	6662	19
2856	6663	12
2856	6664	3
2857	637	1
2857	3019	1
2857	6638	1
2857	6640	3
2857	6641	3
2857	6642	3
2857	6643	7
2857	6644	8
2857	6645	13
2857	6646	130
2857	6647	4908
2857	6648	13
2857	6649	120
2857	6650	35
2857	6651	33
2857	6652	20
2857	6653	4
2857	6654	22
2857	6655	21
2857	6656	12
2857	6657	2
2857	6658	19
2857	6659	25
2857	6660	58
2857	6661	13
2857	6662	41
2857	6663	1
2857	6664	1
2858	644	1
2858	646	1
2858	6642	5
2858	6643	2
2858	6646	5
2858	6647	1933
2858	6648	30
2858	6649	6
2858	6650	8
2858	6651	3
2858	6652	5
2858	6653	13
2858	6654	3
2858	6655	4
2858	6656	4
2858	6657	1
2858	6658	7
2858	6659	8
2858	6660	8
2858	6661	2
2858	6663	40
2858	6692	1
2859	639	1
2859	641	1
2859	643	1
2859	3019	1
2859	6639	1
2859	6643	1
2859	6644	2
2859	6645	4
2859	6646	1
2859	6647	1473
2859	6648	7
2859	6649	21
2859	6650	7
2859	6651	12
2859	6653	3
2859	6654	18
2859	6655	2
2859	6656	2
2859	6657	3
2859	6658	2
2859	6659	11
2859	6660	8
2859	6661	4
2859	6662	3
2859	6680	1
2860	6641	5
2860	6642	1
2860	6643	1
2860	6644	1
2860	6645	1
2860	6646	18
2860	6647	1042
2860	6650	24
2860	6651	4
2860	6652	6
2860	6653	6
2860	6654	4
2860	6655	21
2860	6656	3
2860	6657	2
2860	6658	1
2860	6659	4
2860	6660	5
2860	6661	6
2861	3019	1
2861	6635	1
2861	6642	6
2861	6643	6
2861	6644	2
2861	6645	9
2861	6646	102
2861	6647	7155
2861	6648	68
2861	6649	22
2861	6650	35
2861	6651	8
2861	6653	8
2861	6654	16
2861	6655	5
2861	6656	5
2861	6657	11
2861	6658	1
2861	6659	16
2861	6660	18
2861	6661	25
2861	6680	1
2862	637	1
2862	639	2
2862	640	1
2862	641	2
2862	643	3
2862	644	1
2862	645	3
2862	3018	1
2862	3019	7
2862	3159	1
2862	6635	2
2862	6636	4
2862	6637	1
2862	6638	3
2862	6639	4
2862	6640	4
2862	6641	4
2862	6642	21
2862	6643	15
2862	6644	13
2862	6645	23
2862	6646	502
2862	6647	27571
2862	6648	474
2862	6649	88
2862	6650	120
2862	6651	21
2862	6652	23
2862	6653	62
2862	6654	34
2862	6655	20
2862	6656	39
2862	6657	33
2862	6658	12
2862	6659	47
2862	6660	51
2862	6661	76
2862	6662	6
2862	6663	6
2862	6664	6
2863	3019	1
2863	6640	1
2863	6645	2
2863	6646	23
2863	6647	769
2863	6648	5
2863	6650	1
2863	6652	1
2863	6654	1
2863	6655	1
2863	6659	4
2863	6660	2
2863	6661	2
2864	3019	1
2864	6642	1
2864	6644	1
2864	6646	5
2864	6647	108
2865	6643	1
2865	6646	3
2865	6647	129
2865	6648	7
2865	6649	1
2865	6654	1
2865	6661	1
2866	6640	1
2866	6641	1
2866	6647	252
2866	6648	3
2866	6652	1
2867	6642	3
2867	6643	1
2867	6647	173
2867	6648	3
2867	6661	2
2868	6639	1
2868	6643	3
2868	6644	1
2868	6647	117
2868	6650	3
2868	6651	2
2868	6652	1
2868	6658	1
2868	6662	1
2869	6643	1
2869	6644	1
2869	6646	91
2869	6647	74
2869	6649	1
2869	6650	2
2869	6651	1
2869	6657	1
2869	6661	1
2870	6646	9
2870	6647	3
2871	6647	7
2872	6647	3
2878	6647	1
2883	6647	1
2892	6647	1
3247	6647	3
3254	6647	37
3359	6647	1
3499	6647	1
4600	6647	2
4881	6650	2
5085	6647	1
6241	6647	1
6354	6648	2
6375	6659	1
6418	6647	1
6534	6647	2
