-202	1	0.000439
-201	1	0.000439
-199	1	0.000439
-185	1	0.000439
-183	1	0.000439
-177	1	0.000439
-175	1	0.000439
-172	1	0.000439
-171	2	0.000879
-156	1	0.000439
-154	1	0.000439
-153	1	0.000439
-143	1	0.000439
-141	2	0.000879
-139	1	0.000439
-138	1	0.000439
-130	1	0.000439
-123	1	0.000439
-118	1	0.000439
-102	1	0.000439
-101	1	0.000439
-73	5	0.002197
-66	1	0.000439
-28	2	0.000879
-27	2	0.000879
-23	1	0.000439
-17	4	0.001757
-14	1	0.000439
-12	2	0.000879
-10	1	0.000439
-9	2	0.000879
-8	3	0.001318
-7	5	0.002197
-6	3	0.001318
-4	6	0.002636
0	340	0.149385
1	1	0.000439
2	10	0.004394
3	39	0.017135
4	15	0.006591
5	20	0.008787
6	250	0.109842
7	247	0.108524
8	235	0.103251
9	242	0.106327
10	206	0.090510
11	3	0.001318
12	6	0.002636
13	9	0.003954
14	1	0.000439
15	2	0.000879
18	1	0.000439
26	1	0.000439
27	1	0.000439
29	1	0.000439
30	4	0.001757
48	3	0.001318
49	1	0.000439
56	1	0.000439
60	2	0.000879
62	5	0.002197
63	5	0.002197
67	2	0.000879
84	6	0.002636
101	1	0.000439
107	3	0.001318
109	2	0.000879
110	3	0.001318
111	1	0.000439
112	6	0.002636
113	3	0.001318
114	5	0.002197
115	2	0.000879
116	2	0.000879
117	2	0.000879
120	6	0.002636
122	2	0.000879
123	2	0.000879
125	1	0.000439
130	1	0.000439
139	1	0.000439
161	1	0.000439
164	1	0.000439
170	1	0.000439
171	1	0.000439
174	5	0.002197
178	1	0.000439
180	1	0.000439
182	1	0.000439
185	1	0.000439
186	1	0.000439
203	1	0.000439
211	1	0.000439
219	1	0.000439
220	1	0.000439
226	1	0.000439
227	1	0.000439
228	1	0.000439
230	1	0.000439
231	2	0.000879
233	1	0.000439
234	1	0.000439
235	1	0.000439
240	1	0.000439
244	1	0.000439
246	1	0.000439
247	6	0.002636
248	1	0.000439
254	1	0.000439
273	2	0.000879
275	1	0.000439
277	1	0.000439
279	2	0.000879
280	1	0.000439
283	1	0.000439
284	1	0.000439
294	2	0.000879
295	4	0.001757
297	1	0.000439
300	2	0.000879
302	2	0.000879
303	3	0.001318
304	1	0.000439
318	1	0.000439
320	1	0.000439
325	1	0.000439
326	1	0.000439
333	1	0.000439
337	1	0.000439
340	9	0.003954
344	2	0.000879
348	2	0.000879
349	6	0.002636
350	2	0.000879
351	2	0.000879
352	1	0.000439
353	1	0.000439
359	2	0.000879
361	1	0.000439
365	1	0.000439
374	2	0.000879
380	2	0.000879
387	1	0.000439
397	1	0.000439
400	2	0.000879
402	7	0.003076
405	1	0.000439
407	1	0.000439
409	3	0.001318
412	4	0.001757
415	4	0.001757
416	1	0.000439
424	1	0.000439
427	1	0.000439
431	2	0.000879
432	1	0.000439
438	10	0.004394
440	1	0.000439
449	1	0.000439
454	1	0.000439
455	1	0.000439
510	1	0.000439
514	4	0.001757
517	1	0.000439
521	1	0.000439
522	3	0.001318
523	1	0.000439
525	1	0.000439
526	1	0.000439
543	1	0.000439
553	1	0.000439
578	1	0.000439
580	1	0.000439
587	2	0.000879
592	3	0.001318
596	1	0.000439
597	1	0.000439
637	1	0.000439
638	1	0.000439
645	1	0.000439
658	1	0.000439
689	3	0.001318
694	2	0.000879
703	2	0.000879
727	1	0.000439
742	1	0.000439
743	1	0.000439
749	1	0.000439
751	1	0.000439
752	2	0.000879
757	1	0.000439
773	1	0.000439
802	2	0.000879
803	1	0.000439
811	1	0.000439
833	2	0.000879
866	1	0.000439
878	1	0.000439
886	1	0.000439
892	1	0.000439
894	1	0.000439
904	1	0.000439
913	3	0.001318
937	3	0.001318
938	5	0.002197
941	1	0.000439
947	1	0.000439
948	1	0.000439
958	1	0.000439
967	1	0.000439
974	1	0.000439
990	1	0.000439
992	1	0.000439
1001	1	0.000439
1002	1	0.000439
1009	1	0.000439
1014	1	0.000439
1056	1	0.000439
1060	1	0.000439
1061	1	0.000439
1062	1	0.000439
1118	1	0.000439
1119	3	0.001318
1121	1	0.000439
1134	1	0.000439
1145	1	0.000439
1165	2	0.000879
1244	10	0.004394
1245	1	0.000439
1250	1	0.000439
1251	1	0.000439
1255	1	0.000439
1256	1	0.000439
1259	3	0.001318
1262	1	0.000439
1263	1	0.000439
1273	1	0.000439
1278	1	0.000439
1283	4	0.001757
1285	1	0.000439
1286	3	0.001318
1287	4	0.001757
1288	7	0.003076
1289	7	0.003076
1290	3	0.001318
1293	1	0.000439
1295	2	0.000879
1296	1	0.000439
1297	1	0.000439
1298	1	0.000439
1301	1	0.000439
1307	1	0.000439
1310	1	0.000439
1313	1	0.000439
1314	2	0.000879
1317	3	0.001318
1320	1	0.000439
1321	1	0.000439
1322	1	0.000439
1323	1	0.000439
1324	1	0.000439
1327	3	0.001318
1328	1	0.000439
1329	1	0.000439
1330	1	0.000439
1331	1	0.000439
1332	3	0.001318
1334	5	0.002197
1335	2	0.000879
1336	1	0.000439
1337	1	0.000439
1338	1	0.000439
1339	2	0.000879
1340	2	0.000879
1362	1	0.000439
1364	1	0.000439
1365	1	0.000439
1367	1	0.000439
1380	1	0.000439
1382	1	0.000439
1383	1	0.000439
1387	2	0.000879
1394	1	0.000439
1401	1	0.000439
1406	1	0.000439
1415	1	0.000439
1421	2	0.000879
1466	1	0.000439
1496	3	0.001318
1497	1	0.000439
1498	2	0.000879
1500	1	0.000439
1519	1	0.000439
1533	1	0.000439
1534	1	0.000439
1541	1	0.000439
1545	1	0.000439
1551	2	0.000879
1563	1	0.000439
1568	2	0.000879
1569	2	0.000879
1570	1	0.000439
1571	1	0.000439
1580	1	0.000439
1585	1	0.000439
1596	1	0.000439
1597	1	0.000439
1625	2	0.000879
1629	1	0.000439
1668	3	0.001318
1677	1	0.000439
1680	1	0.000439
1697	1	0.000439
1701	4	0.001757
1704	1	0.000439
1730	1	0.000439
1732	1	0.000439
1750	5	0.002197
1758	1	0.000439
1767	5	0.002197
1816	1	0.000439
1827	3	0.001318
1880	1	0.000439
1881	1	0.000439
1887	1	0.000439
1907	1	0.000439
1908	1	0.000439
1913	1	0.000439
1914	1	0.000439
1915	1	0.000439
1916	3	0.001318
1923	4	0.001757
1941	1	0.000439
1948	1	0.000439
2010	1	0.000439
2020	1	0.000439
2030	1	0.000439
2036	1	0.000439
2048	2	0.000879
2059	1	0.000439
2064	2	0.000879
2066	1	0.000439
2067	1	0.000439
2069	1	0.000439
2103	2	0.000879
2109	2	0.000879
2111	1	0.000439
2113	1	0.000439
2173	1	0.000439
2206	1	0.000439
2242	2	0.000879
2244	1	0.000439
2264	2	0.000879
2294	4	0.001757
2355	3	0.001318
2369	1	0.000439
2387	1	0.000439
2442	6	0.002636
2455	1	0.000439
2465	1	0.000439
2469	2	0.000879
2476	1	0.000439
2499	2	0.000879
2501	1	0.000439
2502	2	0.000879
2587	1	0.000439
2620	2	0.000879
2734	1	0.000439
2738	3	0.001318
2741	1	0.000439
2748	1	0.000439
2749	1	0.000439
2781	1	0.000439
2789	1	0.000439
2799	1	0.000439
2823	1	0.000439
2889	1	0.000439
2908	1	0.000439
2997	1	0.000439
3042	1	0.000439
3069	1	0.000439
3072	1	0.000439
3089	4	0.001757
3099	1	0.000439
3130	1	0.000439
3132	1	0.000439
3149	3	0.001318
3152	1	0.000439
3179	1	0.000439
3243	1	0.000439
3281	1	0.000439
3283	2	0.000879
3289	2	0.000879
3319	1	0.000439
3339	3	0.001318
